feature_selection__split_param: 1.1198005332936671
regression__alpha: 0.5748102171649365
regression__l1_ratio: 0.0
